[-0.119914067816882, -0.078734439912053, -0.043956043766828, 0, -0.138682964477765, 0.0, 0.0, 0, -0.15325999741718, 0.0, 0.0, 0.0]
[-0.04, -0.04, -0.04, 0, -0.04, -0.04, -0.04, 0, -0.04, -0.04, -0.04, -0.04]
[-0.04, -0.04, -0.04, 0, -0.04, -0.04, -0.04, 0, -0.04, -0.04, -0.04, -0.04]
[-0.04, -0.04, -0.04, 0, -0.04, -0.04, -0.04, 0, -0.04, -0.04, -0.04, -0.04]
[-0.04, -0.04, -0.04, 0, -0.04, -0.04, -0.04, 0, -0.04, -0.04, -0.04, -0.04]


[0, 0, 0, 0, 0, 0, 0, 0, 0, 0, 0, 0]
[0, 0, 0, 0, 0, 0, 0, 0, 0, 0, 0, 0]
[0, 0, 0, 0, 0, 0, 0, 0, 0, 0, 0, 0]
[0.77916559872, 0.790123456, 0.88888888888, 0, 0.69233115136, 0.0, 0.0, 0, 0.61466935296, 0.0, 0.0, 0.0]
[0, 0, 0, 0, 0, 0, 0, 0, 0, 0, 0, 0]
[0, 0, 0, 0, 0, 0, 0, 0, 0, 0, 0, 0]
[0, 0, 0, 0, 0, 0, 0, 0, 0, 0, 0, 0]
[0, 0, 0, 0, 0, 0, 0, 0, 0, 0, 0, 0]
[0, 0, 0, 0, 0, 0, 0, 0, 0, 0, 0, 0]
[0, 0, 0, 0, 0, 0, 0, 0, 0, 0, 0, 0]
[0, 0, 0, 0, 0, 0, 0, 0, 0, 0, 0, 0]
[0, 0, 0, 0, 0, 0, 0, 0, 0, 0, 0, 0]

[0.9, 0.1, 0.0, 0, 0.8, 0.0, 0.0, 0, 0.0, 0.0, 0.0, 0.0]
[0.1, 0.8, 0.1, 0, 0.0, 0.8, 0.0, 0, 0.0, 0.0, 0.0, 0.0]
[0.0, 0.1, 0.8, 0, 0.0, 0.0, 0.8, 0, 0.0, 0.0, 0.0, 0.0]
[0.0, 0.0, 0.1, 0, 0.0, 0.0, 0.0, 0, 0.0, 0.0, 0.0, 0.0]
[0.0, 0.0, 0.0, 0, 0.1, 0.1, 0.0, 0, 0.8, 0.0, 0.0, 0.0]
[0.0, 0.0, 0.0, 0, 0.1, 0.0, 0.1, 0, 0.0, 0.8, 0.0, 0.0]
[0.0, 0.0, 0.0, 0, 0.0, 0.1, 0.0, 0, 0.0, 0.0, 0.8, 0.0]
[0.0, 0.0, 0.0, 0, 0.0, 0.0, 0.1, 0, 0.0, 0.0, 0.0, 0.8]
[0.0, 0.0, 0.0, 0, 0.0, 0.0, 0.0, 0, 0.1, 0.1, 0.0, 0.0]
[0.0, 0.0, 0.0, 0, 0.0, 0.0, 0.0, 0, 0.1, 0.0, 0.1, 0.0]
[0.0, 0.0, 0.0, 0, 0.0, 0.0, 0.0, 0, 0.0, 0.1, 0.0, 0.1]
[0.0, 0.0, 0.0, 0, 0.0, 0.0, 0.0, 0, 0.0, 0.0, 0.1, 0.1]

[0.1, 0.1, 0.0, 0, 0.0, 0.0, 0.0, 0, 0.0, 0.0, 0.0, 0.0]
[0.1, 0.0, 0.1, 0, 0.0, 0.0, 0.0, 0, 0.0, 0.0, 0.0, 0.0]
[0.0, 0.1, 0.0, 0, 0.0, 0.0, 0.0, 0, 0.0, 0.0, 0.0, 0.0]
[0.0, 0.0, 0.1, 0, 0.0, 0.0, 0.0, 0, 0.0, 0.0, 0.0, 0.0]
[0.8, 0.0, 0.0, 0, 0.1, 0.1, 0.0, 0, 0.0, 0.0, 0.0, 0.0]
[0.0, 0.8, 0.0, 0, 0.1, 0.0, 0.1, 0, 0.0, 0.0, 0.0, 0.0]
[0.0, 0.0, 0.8, 0, 0.0, 0.1, 0.0, 0, 0.0, 0.0, 0.0, 0.0]
[0.0, 0.0, 0.0, 0, 0.0, 0.0, 0.1, 0, 0.0, 0.0, 0.0, 0.0]
[0.0, 0.0, 0.0, 0, 0.8, 0.0, 0.0, 0, 0.9, 0.1, 0.0, 0.0]
[0.0, 0.0, 0.0, 0, 0.0, 0.8, 0.0, 0, 0.1, 0.8, 0.1, 0.0]
[0.0, 0.0, 0.0, 0, 0.0, 0.0, 0.8, 0, 0.0, 0.1, 0.8, 0.1]
[0.0, 0.0, 0.0, 0, 0.0, 0.0, 0.0, 0, 0.0, 0.0, 0.1, 0.9]

[0.9, 0.8, 0.0, 0, 0.1, 0.0, 0.0, 0, 0.0, 0.0, 0.0, 0.0]
[0.0, 0.1, 0.8, 0, 0.0, 0.1, 0.0, 0, 0.0, 0.0, 0.0, 0.0]
[0.0, 0.0, 0.1, 0, 0.0, 0.0, 0.1, 0, 0.0, 0.0, 0.0, 0.0]
[0, 0, 0, 0, 0, 0, 0, 0, 0, 0, 0, 0]
[0.1, 0.0, 0.0, 0, 0.8, 0.8, 0.0, 0, 0.1, 0.0, 0.0, 0.0]
[0.0, 0.1, 0.0, 0, 0.0, 0.0, 0.8, 0, 0.0, 0.1, 0.0, 0.0]
[0.0, 0.0, 0.1, 0, 0.0, 0.0, 0.0, 0, 0.0, 0.0, 0.1, 0.0]
[0.0, 0.0, 0.0, 0, 0.0, 0.0, 0.0, 0, 0.0, 0.0, 0.0, 0.1]
[0.0, 0.0, 0.0, 0, 0.1, 0.0, 0.0, 0, 0.9, 0.8, 0.0, 0.0]
[0.0, 0.0, 0.0, 0, 0.0, 0.1, 0.0, 0, 0.0, 0.1, 0.8, 0.0]
[0.0, 0.0, 0.0, 0, 0.0, 0.0, 0.1, 0, 0.0, 0.0, 0.1, 0.8]
[0.0, 0.0, 0.0, 0, 0.0, 0.0, 0.0, 0, 0.0, 0.0, 0.0, 0.1]

[0.1, 0.0, 0.0, 0, 0.1, 0.0, 0.0, 0, 0.0, 0.0, 0.0, 0.0]
[0.8, 0.1, 0.0, 0, 0.0, 0.1, 0.0, 0, 0.0, 0.0, 0.0, 0.0]
[0.0, 0.8, 0.1, 0, 0.0, 0.0, 0.1, 0, 0.0, 0.0, 0.0, 0.0]
[0.0, 0.0, 0.8, 0, 0.0, 0.0, 0.0, 0, 0.0, 0.0, 0.0, 0.0]
[0.1, 0.0, 0.0, 0, 0.0, 0.0, 0.0, 0, 0.1, 0.0, 0.0, 0.0]
[0.0, 0.1, 0.0, 0, 0.8, 0.0, 0.0, 0, 0.0, 0.1, 0.0, 0.0]
[0.0, 0.0, 0.1, 0, 0.0, 0.8, 0.0, 0, 0.0, 0.0, 0.1, 0.0]
[0.0, 0.0, 0.0, 0, 0.0, 0.0, 0.8, 0, 0.0, 0.0, 0.0, 0.1]
[0.0, 0.0, 0.0, 0, 0.1, 0.0, 0.0, 0, 0.1, 0.0, 0.0, 0.0]
[0.0, 0.0, 0.0, 0, 0.0, 0.1, 0.0, 0, 0.8, 0.1, 0.0, 0.0]
[0.0, 0.0, 0.0, 0, 0.0, 0.0, 0.1, 0, 0.0, 0.8, 0.1, 0.0]
[0.0, 0.0, 0.0, 0, 0.0, 0.0, 0.0, 0, 0.0, 0.0, 0.8, 0.9]

[0.49751423870470385, 0.6345289526273875, 0.7954585771658867, 1, 0.39877014809856304, 0.49660758720412385, 0.4874220238131492, -1, 0.3088334324846361, 0.3775008360697349, 0.3575019752999812, 0.13997402058121175]
3 3 3 None 0 0 0 None 0 0 0 2