0,-1,-1,-1,-1,-1,-1,-1,-1
1,0,0,0,0,0,0,0,0
2,0,0,0,0,0,0,1,0
3,0,0,0,0,0,1,0,0
4,0,0,0,0,0,1,1,0
5,0,0,0,0,1,0,0,0
6,0,0,0,0,1,0,1,0
7,0,0,0,0,1,1,0,0
8,0,0,0,1,0,0,0,0
9,0,0,0,1,0,0,1,0
10,0,0,0,1,0,1,0,0
11,0,0,0,1,1,0,0,0
12,0,0,1,0,0,0,0,0
13,0,0,1,0,0,0,0,1
14,0,0,1,0,0,0,1,0
15,0,0,1,0,0,0,1,1
16,0,0,1,0,0,1,0,0
17,0,0,1,0,0,1,0,1
18,0,0,1,0,1,0,0,0
19,0,0,1,0,1,0,0,1
20,0,0,1,1,0,0,0,0
21,0,0,1,1,0,0,0,1
22,1,0,0,0,0,0,0,0
23,1,0,0,0,0,0,1,0
24,1,0,0,0,0,1,0,0
25,1,0,0,0,0,1,1,0
26,1,0,0,0,1,0,0,0
27,1,0,0,0,1,0,1,0
28,1,0,0,0,1,1,0,0
29,1,0,0,1,0,0,0,0
30,1,0,0,1,0,0,0,1
31,1,0,0,1,0,0,1,0
32,1,0,0,1,0,0,1,1
33,1,0,0,1,0,1,0,0
34,1,0,0,1,0,1,0,1
35,1,0,0,1,1,0,0,0
36,1,0,0,1,1,0,0,1
37,1,0,1,0,0,0,0,0
38,1,0,1,0,0,0,1,0
39,1,0,1,0,0,1,0,0
40,1,0,1,0,1,0,0,0
41,1,0,1,1,0,0,0,0
42,1,0,1,1,0,0,0,1
43,2,0,0,0,0,0,0,0
44,2,0,0,0,0,0,1,0
45,2,0,0,0,0,1,0,0
46,2,0,0,0,0,1,1,0
47,2,0,0,0,1,0,0,0
48,2,0,0,0,1,0,0,1
49,2,0,0,0,1,0,1,0
50,2,0,0,0,1,0,1,1
51,2,0,0,0,1,1,0,0
52,2,0,0,0,1,1,0,1
53,2,0,0,1,0,0,0,0
54,2,0,0,1,0,0,1,0
55,2,0,0,1,0,1,0,0
56,2,0,0,1,1,0,0,0
57,2,0,0,1,1,0,0,1
58,2,0,1,0,0,0,0,0
59,2,0,1,0,0,0,1,0
60,2,0,1,0,0,1,0,0
61,2,0,1,0,1,0,0,0
62,2,0,1,0,1,0,0,1
63,2,0,1,1,0,0,0,0
64,3,0,0,0,0,0,0,0
65,3,0,0,0,0,0,1,0
66,3,0,0,0,0,1,0,0
67,3,0,0,0,0,1,0,1
68,3,0,0,0,0,1,1,0
69,3,0,0,0,0,1,1,1
70,3,0,0,0,1,0,0,0
71,3,0,0,0,1,0,1,0
72,3,0,0,0,1,1,0,0
73,3,0,0,0,1,1,0,1
74,3,0,0,1,0,0,0,0
75,3,0,0,1,0,0,1,0
76,3,0,0,1,0,1,0,0
77,3,0,0,1,0,1,0,1
78,3,0,0,1,1,0,0,0
79,3,0,1,0,0,0,0,0
80,3,0,1,0,0,0,1,0
81,3,0,1,0,0,1,0,0
82,3,0,1,0,0,1,0,1
83,3,0,1,0,1,0,0,0
84,3,0,1,1,0,0,0,0
85,4,0,0,0,0,0,0,0
86,4,0,0,0,0,0,1,0
87,4,0,0,0,0,0,1,1
88,4,0,0,0,0,1,0,0
89,4,0,0,0,0,1,1,0
90,4,0,0,0,0,1,1,1
91,4,0,0,0,1,0,0,0
92,4,0,0,0,1,0,1,0
93,4,0,0,0,1,0,1,1
94,4,0,0,0,1,1,0,0
95,4,0,0,1,0,0,0,0
96,4,0,0,1,0,0,1,0
97,4,0,0,1,0,0,1,1
98,4,0,0,1,0,1,0,0
99,4,0,0,1,1,0,0,0
100,4,0,1,0,0,0,0,0
101,4,0,1,0,0,0,1,0
102,4,0,1,0,0,0,1,1
103,4,0,1,0,0,1,0,0
104,4,0,1,0,1,0,0,0
105,4,0,1,1,0,0,0,0
106,0,2,0,0,0,0,0,0
107,0,2,0,0,0,0,1,0
108,0,2,0,0,0,1,0,0
109,0,2,0,0,1,0,0,0
110,0,2,0,1,0,0,0,0
111,0,2,1,0,0,0,0,0
112,0,2,1,0,0,0,0,1
113,0,2,1,0,0,0,1,0
114,0,2,1,0,0,1,0,0
115,0,2,1,0,1,0,0,0
116,0,2,1,1,0,0,0,0
117,1,2,0,0,0,0,0,0
118,1,2,0,0,0,0,1,0
119,1,2,0,0,0,1,0,0
120,1,2,0,0,1,0,0,0
121,1,2,0,1,0,0,0,0
122,1,2,0,1,0,0,0,1
123,1,2,0,1,0,0,1,0
124,1,2,0,1,0,1,0,0
125,1,2,0,1,1,0,0,0
126,1,2,1,0,0,0,0,0
127,1,2,1,1,0,0,0,0
128,2,2,0,0,0,0,0,0
129,2,2,0,0,0,0,1,0
130,2,2,0,0,0,1,0,0
131,2,2,0,0,1,0,0,0
132,2,2,0,0,1,0,0,1
133,2,2,0,0,1,0,1,0
134,2,2,0,0,1,1,0,0
135,2,2,0,1,0,0,0,0
136,2,2,0,1,1,0,0,0
137,2,2,1,0,0,0,0,0
138,2,2,1,0,1,0,0,0
139,3,2,0,0,0,0,0,0
140,3,2,0,0,0,0,1,0
141,3,2,0,0,0,1,0,0
142,3,2,0,0,0,1,0,1
143,3,2,0,0,0,1,1,0
144,3,2,0,0,1,0,0,0
145,3,2,0,0,1,1,0,0
146,3,2,0,1,0,0,0,0
147,3,2,0,1,0,1,0,0
148,3,2,1,0,0,0,0,0
149,3,2,1,0,0,1,0,0
150,4,2,0,0,0,0,0,0
151,4,2,0,0,0,0,1,0
152,4,2,0,0,0,0,1,1
153,4,2,0,0,0,1,0,0
154,4,2,0,0,0,1,1,0
155,4,2,0,0,1,0,0,0
156,4,2,0,0,1,0,1,0
157,4,2,0,1,0,0,0,0
158,4,2,0,1,0,0,1,0
159,4,2,1,0,0,0,0,0
160,4,2,1,0,0,0,1,0
161,0,4,0,0,0,0,0,0
162,0,4,0,0,0,0,1,0
163,0,4,0,0,0,1,0,0
164,0,4,0,0,1,0,0,0
165,0,4,0,1,0,0,0,0
166,0,4,1,0,0,0,0,0
167,0,4,1,0,0,0,0,1
168,1,4,0,0,0,0,0,0
169,1,4,0,0,0,0,1,0
170,1,4,0,0,0,1,0,0
171,1,4,0,0,1,0,0,0
172,1,4,0,1,0,0,0,0
173,1,4,0,1,0,0,0,1
174,1,4,1,0,0,0,0,0
175,2,4,0,0,0,0,0,0
176,2,4,0,0,0,0,1,0
177,2,4,0,0,0,1,0,0
178,2,4,0,0,1,0,0,0
179,2,4,0,0,1,0,0,1
180,2,4,0,1,0,0,0,0
181,2,4,1,0,0,0,0,0
182,3,4,0,0,0,0,0,0
183,3,4,0,0,0,0,1,0
184,3,4,0,0,0,1,0,0
185,3,4,0,0,0,1,0,1
186,3,4,0,0,1,0,0,0
187,3,4,0,1,0,0,0,0
188,3,4,1,0,0,0,0,0
189,4,4,0,0,0,0,0,0
190,4,4,0,0,0,0,1,0
191,4,4,0,0,0,0,1,1
192,4,4,0,0,0,1,0,0
193,4,4,0,0,1,0,0,0
194,4,4,0,1,0,0,0,0
195,4,4,1,0,0,0,0,0
196,0,6,0,0,0,0,0,0
197,0,6,1,0,0,0,0,0
198,1,6,0,0,0,0,0,0
199,1,6,0,1,0,0,0,0
200,2,6,0,0,0,0,0,0
201,2,6,0,0,1,0,0,0
202,3,6,0,0,0,0,0,0
203,3,6,0,0,0,1,0,0
204,4,6,0,0,0,0,0,0
205,4,6,0,0,0,0,1,0
206,0,8,0,0,0,0,0,0
207,1,8,0,0,0,0,0,0
208,2,8,0,0,0,0,0,0
209,3,8,0,0,0,0,0,0
210,4,8,0,0,0,0,0,0
