param n := 3;

set S[1] := 1 2 3 4 5 6 7 8 9 10 11 12 13 ;
set A[1] := 1 2 3 4 5 ;
set S[2] := 1 2 3 4 5 6 7 8 9 10 11 12 13 ;
set A[2] := 1 2 3 4 5 ;
set S[3] := 1 2 3 4 5 6 7 8 9 10 ;
set A[3] := 1 2 3 4 ;

param numcons := 2;
param numprims := 11;
param numevents := 11;
param gamma := 0.8;

param P := 
[1,1,*,*] : 1 2 3 4 5 6 7 8 9 10 11 12 13 := 
1 1.0 0.0 0.0 0.0 0.0 0.0 0.0 0.0 0.0 0.0 0.0 0.0 0.0 
2 1.0 0.0 0.0 0.0 0.0 0.0 0.0 0.0 0.0 0.0 0.0 0.0 0.0 
3 1.0 0.0 0.0 0.0 0.0 0.0 0.0 0.0 0.0 0.0 0.0 0.0 0.0 
4 1.0 0.0 0.0 0.0 0.0 0.0 0.0 0.0 0.0 0.0 0.0 0.0 0.0 
5 1.0 0.0 0.0 0.0 0.0 0.0 0.0 0.0 0.0 0.0 0.0 0.0 0.0 
6 1.0 0.0 0.0 0.0 0.0 0.0 0.0 0.0 0.0 0.0 0.0 0.0 0.0 
7 1.0 0.0 0.0 0.0 0.0 0.0 0.0 0.0 0.0 0.0 0.0 0.0 0.0 
8 1.0 0.0 0.0 0.0 0.0 0.0 0.0 0.0 0.0 0.0 0.0 0.0 0.0 
9 1.0 0.0 0.0 0.0 0.0 0.0 0.0 0.0 0.0 0.0 0.0 0.0 0.0 
10 0.0 0.2 0.8 0.0 0.0 0.0 0.0 0.0 0.0 0.0 0.0 0.0 0.0 
11 0.0 0.0 0.0 0.2 0.8 0.0 0.0 0.0 0.0 0.0 0.0 0.0 0.0 
12 0.0 0.0 0.0 0.0 0.0 0.2 0.8 0.0 0.0 0.0 0.0 0.0 0.0 
13 0.0 0.0 0.0 0.0 0.0 0.0 0.0 0.2 0.8 0.0 0.0 0.0 0.0 
[1,2,*,*] : 1 2 3 4 5 6 7 8 9 10 11 12 13 := 
1 1.0 0.0 0.0 0.0 0.0 0.0 0.0 0.0 0.0 0.0 0.0 0.0 0.0 
2 1.0 0.0 0.0 0.0 0.0 0.0 0.0 0.0 0.0 0.0 0.0 0.0 0.0 
3 1.0 0.0 0.0 0.0 0.0 0.0 0.0 0.0 0.0 0.0 0.0 0.0 0.0 
4 1.0 0.0 0.0 0.0 0.0 0.0 0.0 0.0 0.0 0.0 0.0 0.0 0.0 
5 1.0 0.0 0.0 0.0 0.0 0.0 0.0 0.0 0.0 0.0 0.0 0.0 0.0 
6 1.0 0.0 0.0 0.0 0.0 0.0 0.0 0.0 0.0 0.0 0.0 0.0 0.0 
7 1.0 0.0 0.0 0.0 0.0 0.0 0.0 0.0 0.0 0.0 0.0 0.0 0.0 
8 1.0 0.0 0.0 0.0 0.0 0.0 0.0 0.0 0.0 0.0 0.0 0.0 0.0 
9 1.0 0.0 0.0 0.0 0.0 0.0 0.0 0.0 0.0 0.0 0.0 0.0 0.0 
10 0.0 1.0 0.0 0.0 0.0 0.0 0.0 0.0 0.0 0.0 0.0 0.0 0.0 
11 0.0 1.0 0.0 0.0 0.0 0.0 0.0 0.0 0.0 0.0 0.0 0.0 0.0 
12 0.0 1.0 0.0 0.0 0.0 0.0 0.0 0.0 0.0 0.0 0.0 0.0 0.0 
13 0.0 1.0 0.0 0.0 0.0 0.0 0.0 0.0 0.0 0.0 0.0 0.0 0.0 
[1,3,*,*] : 1 2 3 4 5 6 7 8 9 10 11 12 13 := 
1 1.0 0.0 0.0 0.0 0.0 0.0 0.0 0.0 0.0 0.0 0.0 0.0 0.0 
2 1.0 0.0 0.0 0.0 0.0 0.0 0.0 0.0 0.0 0.0 0.0 0.0 0.0 
3 1.0 0.0 0.0 0.0 0.0 0.0 0.0 0.0 0.0 0.0 0.0 0.0 0.0 
4 1.0 0.0 0.0 0.0 0.0 0.0 0.0 0.0 0.0 0.0 0.0 0.0 0.0 
5 1.0 0.0 0.0 0.0 0.0 0.0 0.0 0.0 0.0 0.0 0.0 0.0 0.0 
6 1.0 0.0 0.0 0.0 0.0 0.0 0.0 0.0 0.0 0.0 0.0 0.0 0.0 
7 1.0 0.0 0.0 0.0 0.0 0.0 0.0 0.0 0.0 0.0 0.0 0.0 0.0 
8 1.0 0.0 0.0 0.0 0.0 0.0 0.0 0.0 0.0 0.0 0.0 0.0 0.0 
9 1.0 0.0 0.0 0.0 0.0 0.0 0.0 0.0 0.0 0.0 0.0 0.0 0.0 
10 0.0 0.0 0.0 1.0 0.0 0.0 0.0 0.0 0.0 0.0 0.0 0.0 0.0 
11 0.0 0.0 0.0 1.0 0.0 0.0 0.0 0.0 0.0 0.0 0.0 0.0 0.0 
12 0.0 0.0 0.0 1.0 0.0 0.0 0.0 0.0 0.0 0.0 0.0 0.0 0.0 
13 0.0 0.0 0.0 1.0 0.0 0.0 0.0 0.0 0.0 0.0 0.0 0.0 0.0 
[1,4,*,*] : 1 2 3 4 5 6 7 8 9 10 11 12 13 := 
1 1.0 0.0 0.0 0.0 0.0 0.0 0.0 0.0 0.0 0.0 0.0 0.0 0.0 
2 1.0 0.0 0.0 0.0 0.0 0.0 0.0 0.0 0.0 0.0 0.0 0.0 0.0 
3 1.0 0.0 0.0 0.0 0.0 0.0 0.0 0.0 0.0 0.0 0.0 0.0 0.0 
4 1.0 0.0 0.0 0.0 0.0 0.0 0.0 0.0 0.0 0.0 0.0 0.0 0.0 
5 1.0 0.0 0.0 0.0 0.0 0.0 0.0 0.0 0.0 0.0 0.0 0.0 0.0 
6 1.0 0.0 0.0 0.0 0.0 0.0 0.0 0.0 0.0 0.0 0.0 0.0 0.0 
7 1.0 0.0 0.0 0.0 0.0 0.0 0.0 0.0 0.0 0.0 0.0 0.0 0.0 
8 1.0 0.0 0.0 0.0 0.0 0.0 0.0 0.0 0.0 0.0 0.0 0.0 0.0 
9 1.0 0.0 0.0 0.0 0.0 0.0 0.0 0.0 0.0 0.0 0.0 0.0 0.0 
10 0.0 0.0 0.0 0.0 0.0 1.0 0.0 0.0 0.0 0.0 0.0 0.0 0.0 
11 0.0 0.0 0.0 0.0 0.0 1.0 0.0 0.0 0.0 0.0 0.0 0.0 0.0 
12 0.0 0.0 0.0 0.0 0.0 1.0 0.0 0.0 0.0 0.0 0.0 0.0 0.0 
13 0.0 0.0 0.0 0.0 0.0 1.0 0.0 0.0 0.0 0.0 0.0 0.0 0.0 
[1,5,*,*] : 1 2 3 4 5 6 7 8 9 10 11 12 13 := 
1 1.0 0.0 0.0 0.0 0.0 0.0 0.0 0.0 0.0 0.0 0.0 0.0 0.0 
2 1.0 0.0 0.0 0.0 0.0 0.0 0.0 0.0 0.0 0.0 0.0 0.0 0.0 
3 1.0 0.0 0.0 0.0 0.0 0.0 0.0 0.0 0.0 0.0 0.0 0.0 0.0 
4 1.0 0.0 0.0 0.0 0.0 0.0 0.0 0.0 0.0 0.0 0.0 0.0 0.0 
5 1.0 0.0 0.0 0.0 0.0 0.0 0.0 0.0 0.0 0.0 0.0 0.0 0.0 
6 1.0 0.0 0.0 0.0 0.0 0.0 0.0 0.0 0.0 0.0 0.0 0.0 0.0 
7 1.0 0.0 0.0 0.0 0.0 0.0 0.0 0.0 0.0 0.0 0.0 0.0 0.0 
8 1.0 0.0 0.0 0.0 0.0 0.0 0.0 0.0 0.0 0.0 0.0 0.0 0.0 
9 1.0 0.0 0.0 0.0 0.0 0.0 0.0 0.0 0.0 0.0 0.0 0.0 0.0 
10 0.0 0.0 0.0 0.0 0.0 0.0 0.0 1.0 0.0 0.0 0.0 0.0 0.0 
11 0.0 0.0 0.0 0.0 0.0 0.0 0.0 1.0 0.0 0.0 0.0 0.0 0.0 
12 0.0 0.0 0.0 0.0 0.0 0.0 0.0 1.0 0.0 0.0 0.0 0.0 0.0 
13 0.0 0.0 0.0 0.0 0.0 0.0 0.0 1.0 0.0 0.0 0.0 0.0 0.0 
[2,1,*,*] : 1 2 3 4 5 6 7 8 9 10 11 12 13 := 
1 1.0 0.0 0.0 0.0 0.0 0.0 0.0 0.0 0.0 0.0 0.0 0.0 0.0 
2 1.0 0.0 0.0 0.0 0.0 0.0 0.0 0.0 0.0 0.0 0.0 0.0 0.0 
3 1.0 0.0 0.0 0.0 0.0 0.0 0.0 0.0 0.0 0.0 0.0 0.0 0.0 
4 1.0 0.0 0.0 0.0 0.0 0.0 0.0 0.0 0.0 0.0 0.0 0.0 0.0 
5 1.0 0.0 0.0 0.0 0.0 0.0 0.0 0.0 0.0 0.0 0.0 0.0 0.0 
6 1.0 0.0 0.0 0.0 0.0 0.0 0.0 0.0 0.0 0.0 0.0 0.0 0.0 
7 1.0 0.0 0.0 0.0 0.0 0.0 0.0 0.0 0.0 0.0 0.0 0.0 0.0 
8 1.0 0.0 0.0 0.0 0.0 0.0 0.0 0.0 0.0 0.0 0.0 0.0 0.0 
9 1.0 0.0 0.0 0.0 0.0 0.0 0.0 0.0 0.0 0.0 0.0 0.0 0.0 
10 0.0 0.2 0.8 0.0 0.0 0.0 0.0 0.0 0.0 0.0 0.0 0.0 0.0 
11 0.0 0.0 0.0 0.2 0.8 0.0 0.0 0.0 0.0 0.0 0.0 0.0 0.0 
12 0.0 0.0 0.0 0.0 0.0 0.2 0.8 0.0 0.0 0.0 0.0 0.0 0.0 
13 0.0 0.0 0.0 0.0 0.0 0.0 0.0 0.2 0.8 0.0 0.0 0.0 0.0 
[2,2,*,*] : 1 2 3 4 5 6 7 8 9 10 11 12 13 := 
1 1.0 0.0 0.0 0.0 0.0 0.0 0.0 0.0 0.0 0.0 0.0 0.0 0.0 
2 1.0 0.0 0.0 0.0 0.0 0.0 0.0 0.0 0.0 0.0 0.0 0.0 0.0 
3 1.0 0.0 0.0 0.0 0.0 0.0 0.0 0.0 0.0 0.0 0.0 0.0 0.0 
4 1.0 0.0 0.0 0.0 0.0 0.0 0.0 0.0 0.0 0.0 0.0 0.0 0.0 
5 1.0 0.0 0.0 0.0 0.0 0.0 0.0 0.0 0.0 0.0 0.0 0.0 0.0 
6 1.0 0.0 0.0 0.0 0.0 0.0 0.0 0.0 0.0 0.0 0.0 0.0 0.0 
7 1.0 0.0 0.0 0.0 0.0 0.0 0.0 0.0 0.0 0.0 0.0 0.0 0.0 
8 1.0 0.0 0.0 0.0 0.0 0.0 0.0 0.0 0.0 0.0 0.0 0.0 0.0 
9 1.0 0.0 0.0 0.0 0.0 0.0 0.0 0.0 0.0 0.0 0.0 0.0 0.0 
10 0.0 1.0 0.0 0.0 0.0 0.0 0.0 0.0 0.0 0.0 0.0 0.0 0.0 
11 0.0 1.0 0.0 0.0 0.0 0.0 0.0 0.0 0.0 0.0 0.0 0.0 0.0 
12 0.0 1.0 0.0 0.0 0.0 0.0 0.0 0.0 0.0 0.0 0.0 0.0 0.0 
13 0.0 1.0 0.0 0.0 0.0 0.0 0.0 0.0 0.0 0.0 0.0 0.0 0.0 
[2,3,*,*] : 1 2 3 4 5 6 7 8 9 10 11 12 13 := 
1 1.0 0.0 0.0 0.0 0.0 0.0 0.0 0.0 0.0 0.0 0.0 0.0 0.0 
2 1.0 0.0 0.0 0.0 0.0 0.0 0.0 0.0 0.0 0.0 0.0 0.0 0.0 
3 1.0 0.0 0.0 0.0 0.0 0.0 0.0 0.0 0.0 0.0 0.0 0.0 0.0 
4 1.0 0.0 0.0 0.0 0.0 0.0 0.0 0.0 0.0 0.0 0.0 0.0 0.0 
5 1.0 0.0 0.0 0.0 0.0 0.0 0.0 0.0 0.0 0.0 0.0 0.0 0.0 
6 1.0 0.0 0.0 0.0 0.0 0.0 0.0 0.0 0.0 0.0 0.0 0.0 0.0 
7 1.0 0.0 0.0 0.0 0.0 0.0 0.0 0.0 0.0 0.0 0.0 0.0 0.0 
8 1.0 0.0 0.0 0.0 0.0 0.0 0.0 0.0 0.0 0.0 0.0 0.0 0.0 
9 1.0 0.0 0.0 0.0 0.0 0.0 0.0 0.0 0.0 0.0 0.0 0.0 0.0 
10 0.0 0.0 0.0 1.0 0.0 0.0 0.0 0.0 0.0 0.0 0.0 0.0 0.0 
11 0.0 0.0 0.0 1.0 0.0 0.0 0.0 0.0 0.0 0.0 0.0 0.0 0.0 
12 0.0 0.0 0.0 1.0 0.0 0.0 0.0 0.0 0.0 0.0 0.0 0.0 0.0 
13 0.0 0.0 0.0 1.0 0.0 0.0 0.0 0.0 0.0 0.0 0.0 0.0 0.0 
[2,4,*,*] : 1 2 3 4 5 6 7 8 9 10 11 12 13 := 
1 1.0 0.0 0.0 0.0 0.0 0.0 0.0 0.0 0.0 0.0 0.0 0.0 0.0 
2 1.0 0.0 0.0 0.0 0.0 0.0 0.0 0.0 0.0 0.0 0.0 0.0 0.0 
3 1.0 0.0 0.0 0.0 0.0 0.0 0.0 0.0 0.0 0.0 0.0 0.0 0.0 
4 1.0 0.0 0.0 0.0 0.0 0.0 0.0 0.0 0.0 0.0 0.0 0.0 0.0 
5 1.0 0.0 0.0 0.0 0.0 0.0 0.0 0.0 0.0 0.0 0.0 0.0 0.0 
6 1.0 0.0 0.0 0.0 0.0 0.0 0.0 0.0 0.0 0.0 0.0 0.0 0.0 
7 1.0 0.0 0.0 0.0 0.0 0.0 0.0 0.0 0.0 0.0 0.0 0.0 0.0 
8 1.0 0.0 0.0 0.0 0.0 0.0 0.0 0.0 0.0 0.0 0.0 0.0 0.0 
9 1.0 0.0 0.0 0.0 0.0 0.0 0.0 0.0 0.0 0.0 0.0 0.0 0.0 
10 0.0 0.0 0.0 0.0 0.0 1.0 0.0 0.0 0.0 0.0 0.0 0.0 0.0 
11 0.0 0.0 0.0 0.0 0.0 1.0 0.0 0.0 0.0 0.0 0.0 0.0 0.0 
12 0.0 0.0 0.0 0.0 0.0 1.0 0.0 0.0 0.0 0.0 0.0 0.0 0.0 
13 0.0 0.0 0.0 0.0 0.0 1.0 0.0 0.0 0.0 0.0 0.0 0.0 0.0 
[2,5,*,*] : 1 2 3 4 5 6 7 8 9 10 11 12 13 := 
1 1.0 0.0 0.0 0.0 0.0 0.0 0.0 0.0 0.0 0.0 0.0 0.0 0.0 
2 1.0 0.0 0.0 0.0 0.0 0.0 0.0 0.0 0.0 0.0 0.0 0.0 0.0 
3 1.0 0.0 0.0 0.0 0.0 0.0 0.0 0.0 0.0 0.0 0.0 0.0 0.0 
4 1.0 0.0 0.0 0.0 0.0 0.0 0.0 0.0 0.0 0.0 0.0 0.0 0.0 
5 1.0 0.0 0.0 0.0 0.0 0.0 0.0 0.0 0.0 0.0 0.0 0.0 0.0 
6 1.0 0.0 0.0 0.0 0.0 0.0 0.0 0.0 0.0 0.0 0.0 0.0 0.0 
7 1.0 0.0 0.0 0.0 0.0 0.0 0.0 0.0 0.0 0.0 0.0 0.0 0.0 
8 1.0 0.0 0.0 0.0 0.0 0.0 0.0 0.0 0.0 0.0 0.0 0.0 0.0 
9 1.0 0.0 0.0 0.0 0.0 0.0 0.0 0.0 0.0 0.0 0.0 0.0 0.0 
10 0.0 0.0 0.0 0.0 0.0 0.0 0.0 1.0 0.0 0.0 0.0 0.0 0.0 
11 0.0 0.0 0.0 0.0 0.0 0.0 0.0 1.0 0.0 0.0 0.0 0.0 0.0 
12 0.0 0.0 0.0 0.0 0.0 0.0 0.0 1.0 0.0 0.0 0.0 0.0 0.0 
13 0.0 0.0 0.0 0.0 0.0 0.0 0.0 1.0 0.0 0.0 0.0 0.0 0.0 
[3,1,*,*] : 1 2 3 4 5 6 7 8 9 10 := 
1 1.0 0.0 0.0 0.0 0.0 0.0 0.0 0.0 0.0 0.0 
2 1.0 0.0 0.0 0.0 0.0 0.0 0.0 0.0 0.0 0.0 
3 1.0 0.0 0.0 0.0 0.0 0.0 0.0 0.0 0.0 0.0 
4 1.0 0.0 0.0 0.0 0.0 0.0 0.0 0.0 0.0 0.0 
5 1.0 0.0 0.0 0.0 0.0 0.0 0.0 0.0 0.0 0.0 
6 1.0 0.0 0.0 0.0 0.0 0.0 0.0 0.0 0.0 0.0 
7 1.0 0.0 0.0 0.0 0.0 0.0 0.0 0.0 0.0 0.0 
8 0.0 0.2 0.8 0.0 0.0 0.0 0.0 0.0 0.0 0.0 
9 0.0 0.0 0.0 0.2 0.8 0.0 0.0 0.0 0.0 0.0 
10 0.0 0.0 0.0 0.0 0.0 0.2 0.8 0.0 0.0 0.0 
[3,2,*,*] : 1 2 3 4 5 6 7 8 9 10 := 
1 1.0 0.0 0.0 0.0 0.0 0.0 0.0 0.0 0.0 0.0 
2 1.0 0.0 0.0 0.0 0.0 0.0 0.0 0.0 0.0 0.0 
3 1.0 0.0 0.0 0.0 0.0 0.0 0.0 0.0 0.0 0.0 
4 1.0 0.0 0.0 0.0 0.0 0.0 0.0 0.0 0.0 0.0 
5 1.0 0.0 0.0 0.0 0.0 0.0 0.0 0.0 0.0 0.0 
6 1.0 0.0 0.0 0.0 0.0 0.0 0.0 0.0 0.0 0.0 
7 1.0 0.0 0.0 0.0 0.0 0.0 0.0 0.0 0.0 0.0 
8 0.0 1.0 0.0 0.0 0.0 0.0 0.0 0.0 0.0 0.0 
9 0.0 1.0 0.0 0.0 0.0 0.0 0.0 0.0 0.0 0.0 
10 0.0 1.0 0.0 0.0 0.0 0.0 0.0 0.0 0.0 0.0 
[3,3,*,*] : 1 2 3 4 5 6 7 8 9 10 := 
1 1.0 0.0 0.0 0.0 0.0 0.0 0.0 0.0 0.0 0.0 
2 1.0 0.0 0.0 0.0 0.0 0.0 0.0 0.0 0.0 0.0 
3 1.0 0.0 0.0 0.0 0.0 0.0 0.0 0.0 0.0 0.0 
4 1.0 0.0 0.0 0.0 0.0 0.0 0.0 0.0 0.0 0.0 
5 1.0 0.0 0.0 0.0 0.0 0.0 0.0 0.0 0.0 0.0 
6 1.0 0.0 0.0 0.0 0.0 0.0 0.0 0.0 0.0 0.0 
7 1.0 0.0 0.0 0.0 0.0 0.0 0.0 0.0 0.0 0.0 
8 0.0 0.0 0.0 1.0 0.0 0.0 0.0 0.0 0.0 0.0 
9 0.0 0.0 0.0 1.0 0.0 0.0 0.0 0.0 0.0 0.0 
10 0.0 0.0 0.0 1.0 0.0 0.0 0.0 0.0 0.0 0.0 
[3,4,*,*] : 1 2 3 4 5 6 7 8 9 10 := 
1 1.0 0.0 0.0 0.0 0.0 0.0 0.0 0.0 0.0 0.0 
2 1.0 0.0 0.0 0.0 0.0 0.0 0.0 0.0 0.0 0.0 
3 1.0 0.0 0.0 0.0 0.0 0.0 0.0 0.0 0.0 0.0 
4 1.0 0.0 0.0 0.0 0.0 0.0 0.0 0.0 0.0 0.0 
5 1.0 0.0 0.0 0.0 0.0 0.0 0.0 0.0 0.0 0.0 
6 1.0 0.0 0.0 0.0 0.0 0.0 0.0 0.0 0.0 0.0 
7 1.0 0.0 0.0 0.0 0.0 0.0 0.0 0.0 0.0 0.0 
8 0.0 0.0 0.0 0.0 0.0 1.0 0.0 0.0 0.0 0.0 
9 0.0 0.0 0.0 0.0 0.0 1.0 0.0 0.0 0.0 0.0 
10 0.0 0.0 0.0 0.0 0.0 1.0 0.0 0.0 0.0 0.0 
;
param R := 
[1,*,*] : 1 2 3 4 5 := 
1 0.0 0.0 0.0 0.0 0.0 
2 0.0 0.0 0.0 0.0 0.0 
3 6.0 6.0 6.0 6.0 6.0 
4 0.0 0.0 0.0 0.0 0.0 
5 9.0 9.0 9.0 9.0 9.0 
6 0.0 0.0 0.0 0.0 0.0 
7 9.0 9.0 9.0 9.0 9.0 
8 0.0 0.0 0.0 0.0 0.0 
9 8.0 8.0 8.0 8.0 8.0 
10 0.0 0.0 0.0 0.0 0.0 
11 0.0 0.0 0.0 0.0 0.0 
12 0.0 0.0 0.0 0.0 0.0 
13 0.0 0.0 0.0 0.0 0.0 
[2,*,*] : 1 2 3 4 5 := 
1 0.0 0.0 0.0 0.0 0.0 
2 0.0 0.0 0.0 0.0 0.0 
3 10.0 10.0 10.0 10.0 10.0 
4 0.0 0.0 0.0 0.0 0.0 
5 7.0 7.0 7.0 7.0 7.0 
6 0.0 0.0 0.0 0.0 0.0 
7 8.0 8.0 8.0 8.0 8.0 
8 0.0 0.0 0.0 0.0 0.0 
9 9.0 9.0 9.0 9.0 9.0 
10 0.0 0.0 0.0 0.0 0.0 
11 0.0 0.0 0.0 0.0 0.0 
12 0.0 0.0 0.0 0.0 0.0 
13 0.0 0.0 0.0 0.0 0.0 
[3,*,*] : 1 2 3 4 := 
1 0.0 0.0 0.0 0.0 
2 0.0 0.0 0.0 0.0 
3 7.0 7.0 7.0 7.0 
4 0.0 0.0 0.0 0.0 
5 9.0 9.0 9.0 9.0 
6 0.0 0.0 0.0 0.0 
7 9.0 9.0 9.0 9.0 
8 0.0 0.0 0.0 0.0 
9 0.0 0.0 0.0 0.0 
10 0.0 0.0 0.0 0.0 
;
param alpha := 
[1,*] := 1 0.0 2 0.0 3 0.0 4 0.0 5 0.0 6 0.0 7 0.0 8 0.0 9 0.0 10 0.25 11 0.25 12 0.25 13 0.25 
[2,*] := 1 0.0 2 0.0 3 0.0 4 0.0 5 0.0 6 0.0 7 0.0 8 0.0 9 0.0 10 0.25 11 0.25 12 0.25 13 0.25 
[3,*] := 1 0.0 2 0.0 3 0.0 4 0.0 5 0.0 6 0.0 7 0.0 8 0.333333333333 9 0.333333333333 10 0.333333333333 
;
param creward := 1 12 2 11 ;
param primitives : 1 2 3 4 := 
1 1 10 1 3
2 1 11 1 5
3 1 12 1 7
4 1 13 1 9
5 2 10 1 3
6 2 11 1 5
7 2 12 1 7
8 2 13 1 9
9 3 8 1 3
10 3 9 1 5
11 3 10 1 7
;
set events[1] := 1 ;
set events[2] := 2 ;
set events[3] := 3 ;
set events[4] := 4 ;
set events[5] := 5 ;
set events[6] := 6 ;
set events[7] := 7 ;
set events[8] := 8 ;
set events[9] := 9 ;
set events[10] := 10 ;
set events[11] := 11 ;

set cons[1] := 1 6 ;
set cons[2] := 2 7 10 ;

