-2.30577034406,-3.68738558677,-0.310891298519,-0.00975768704776,-1.06149501903,-0.33460324631,-2.99537835158,0.258668838425,0.857914689575,0.515797584532,-2.3427700405,2.60689680529,1.66613824307,-0.833857642991,0.870132409005,0.173669007063,0.307531404522,-0.0709529263812,-1.28042904383,-1.51273360552
-1.49305842122,-0.275816855521,-0.607822098015,-0.53688665622,-1.44190426125,-0.981004789065,-2.7260307985,1.2276639101,2.27513797685,0.461714972648,-0.864859879141,-2.45682515384,-0.604775477529,3.91084796129,-0.711029481799,2.0023191811,-1.40744139266,-0.388004720617,0.538941195952,-0.333762222617
2.00805906487,-2.70196873852,-4.21409659934,0.502697000047,1.59068481055,-1.89763241068,-1.8454565067,-1.25697629811,0.288826568066,2.68112872018,1.5045163987,-2.24067830502,-2.30672047692,5.59736069655,-1.13216287378,3.94351457048,2.46229237633,-1.19084976819,-2.70791195265,-0.738109951777
0.435638661475,0.450336475059,-0.410946284824,-0.90957954987,-1.33873565417,0.433793375851,0.207654632689,2.12133413487,-2.69768789594,1.09207728616,3.32811007702,-0.211927404528,-0.987072548752,0.145485038208,-1.55254950525,-2.72572609048,-1.18560543697,-0.710773866568,2.36300929147,-2.04395780663
2.56472611756,5.19748736952,1.1338488411,3.54093351576,0.478518873861,3.62938615032,-4.13244492228,-0.401138338448,-2.09611273562,-4.83506777383,-0.307396956232,-1.05745301235,0.722032169826,-1.27725511515,-0.246662460083,-0.425257059553,-0.906255399442,0.995469557483,2.02430065059,3.95177398641
3.57200739254,0.298542786101,-1.15808541377,-1.6044707097,0.450640297496,-0.96004697575,0.440389313394,-1.10838504862,2.86374891937,1.50345257702,-3.05566011675,-0.523234110521,0.969649556485,-0.379796648333,0.49893656695,-2.80214343995,-3.56444575673,0.0348025429057,0.490936979595,-0.0777249429548
1.3515768541,-1.41082663867,-0.359095292891,-0.812756549952,-0.37531533259,1.49364526829,6.21586294262,0.473799164865,-1.19624115339,3.31030790941,2.22125611443,-1.05759773525,1.73621887079,-4.02369496829,0.540768282357,3.11989719953,-4.43175968687,-1.55934056485,-0.60727804256,1.56063150965
-1.73804287893,-2.88887163433,-0.327174415354,-0.844651048723,1.57075631093,-0.549156875973,0.695565175195,0.30048672437,1.99314000512,1.99913413429,-1.97681843388,1.48539400904,0.53589706085,0.0742512508599,-2.3909568201,-1.01237521609,-1.58466974656,-2.08483648967,2.54664352129,-0.590324644922
1.52814267419,-0.264358614952,-1.7064923394,0.0325994847488,-2.48355713655,-0.920085740171,-2.32952845099,0.515589924706,-2.88585222223,-5.21600719005,-3.1490344931,-2.28366895309,0.859057084006,-0.443129605199,-1.13965060526,-1.59700150799,-3.80445887451,-1.63949537455,0.0976740723155,0.518752940195
1.42987985349,0.640333830828,2.84181960689,-2.07414570497,5.62388795718,4.62528833704,-2.76217943595,0.926265632118,0.929510580327,0.558800555627,-0.0202853372628,-4.46290078063,-4.45699577205,-3.68454655812,-0.834362191286,0.424397093711,0.491761631766,-0.593982127953,-0.486410467119,-0.908755727192
-0.625399266939,-1.80689855025,0.130501443795,-0.283823447501,0.424499051618,-1.69377443687,-0.00793463395337,0.848610017421,-0.826622409362,0.899927393626,1.2206469355,1.48407071924,-2.82854075634,1.95542455585,2.27066383757,1.30677991665,-1.63772580329,-1.71567434819,1.16752814831,0.836449758307
-1.45986394254,-0.49252433554,2.02563735149,-2.12585525231,-1.7437085752,-2.25095230029,-0.897152795255,3.59980710878,0.76464608558,2.4797712133,0.678779648255,-0.711978869408,-1.46075760079,1.07396054309,-2.1411414578,2.80427691752,-1.75404449979,2.39875394946,1.51662387024,-0.00647885235019
1.02785335647,0.27127633278,1.42145296297,-5.48189755859,0.124203584311,-0.371751519244,0.428743841658,0.195386474015,-2.4581459003,2.23322277057,4.1962420053,-0.277567656581,0.0893384449598,0.071784198309,2.28868277919,0.588990718133,3.85036067797,2.19002192713,-0.122636877338,-0.338964746017
-2.1982301068,1.12158795515,2.8741054937,6.6586301289,-0.0342871238466,-1.90706653056,2.70295552933,1.43417132655,0.777060502791,-1.3871907199,-0.704850849476,-3.32745146404,1.69803263942,-0.503118694323,2.50246302142,-2.74456447815,0.183441873026,1.60343319467,3.95860018479,-0.804615981733
2.54847975507,2.60986332049,-0.160897071415,0.831926795864,0.720785933706,1.31224781538,0.113776450447,4.13849276258,1.88634109003,0.468055394139,1.35076749795,-1.09958689364,3.7938886563,-3.86704295643,-0.612111168869,-1.88791106481,1.32608515516,-1.32335235081,1.04635661291,-1.48578177402
-3.25826608305,-3.76914334947,0.92633424852,1.53716453912,-0.688011393652,-0.484521112596,-1.41919146393,-0.409368316105,2.12211768944,-2.2490754768,0.700353915624,3.46801626508,1.62767374841,0.0886050060766,1.91463713909,2.02930528571,0.128487270141,4.29544394576,-4.67152981241,-0.477830005424
1.28207597382,-1.75565146643,3.58103020556,1.8957063586,0.36365220717,0.122537634196,0.809423777939,0.260017420446,1.97671336117,-0.30300070388,5.6993258435,-2.2458817197,0.205500843251,-0.356766848366,-1.79633930279,-1.09046922717,-2.43441268127,-0.290274344545,-6.5375650205,-0.749676088508
-0.955891048631,2.98127690487,1.58211621775,0.160811139793,-2.02562190207,-0.0242516399116,-0.249388357385,-0.554821460046,-1.22044915598,-1.30344486193,2.42236275868,3.31833782798,-5.37045420601,0.517378635848,-0.604445368543,-3.14680650743,0.0216167790865,-0.0046937599363,1.82839194299,0.780080274042
-2.57815960426,-4.14407115854,0.272912818042,0.0875680134999,1.03066951289,-4.99143759362,0.374020772833,0.850236682146,-1.38960343744,1.5009604051,-1.49638397703,-2.23793745689,-3.20550641684,-0.651640076967,0.194030837605,-0.552468463781,0.068398723003,2.00645562716,1.81144652285,0.145120615192
-0.337449355765,-1.50435117384,-1.98763216683,-1.28480262826,-3.01915417876,0.643638853662,-0.297193307125,-1.39488377025,-1.21526665528,2.48045948658,0.161687334325,4.10916394397,2.15310425001,-0.895776993874,-0.127359294634,-0.272020789076,0.786665624087,3.5961507378,0.509400972079,-0.951557824057
-1.85386577789,3.53467723796,0.257420143395,1.42255683373,0.627412633491,-0.565691386688,0.889981432293,1.72861595817,0.247501932163,1.78363434973,-0.730584734165,-2.00250299552,1.05751315684,0.600395918579,1.07275747911,-0.616576896304,1.33987943893,-0.521024798811,-0.712655661179,-0.838801178392
2.4559869781,0.908700391527,0.0755295719944,0.510930402099,-1.04467977898,-3.72986838662,2.03594071967,-2.3406966586,0.0261245573096,-7.02919932154,1.54751832728,1.77117907144,-2.78686768983,3.05819301691,-0.837494081917,1.4044956847,1.70657126189,-0.387890436501,-3.53896575438,-2.14389212006
1.54894684601,-0.257145025399,1.62864532321,0.268227912903,1.32782147743,0.512427921473,2.39367036053,0.0836851194823,-2.93004301113,-2.62010792113,-3.60238345097,3.55273687793,-0.429647446053,0.486167672016,-2.26470849954,-0.694439003668,-0.444573742109,0.056978510185,-4.15405126789,-2.15965954114
-3.99312651826,-0.966921705863,1.42274422954,0.867059274879,-0.942387924634,-0.233829667347,-0.599163941211,3.60494662159,0.88302377314,-1.5065458234,-1.88090213971,1.43158849799,-4.22109518884,-0.317672019769,-1.05482803986,-3.14388018008,5.37670338602,-1.36142813674,0.0657991230875,-1.86250428346
-0.0653406537402,1.33956981961,0.201390420876,1.67783532183,-3.6483156725,-0.727549659279,-0.439295252292,-4.0580366288,-0.0673941949165,-0.0827171470341,0.00472869917915,-4.39052586322,3.07704605591,0.137817036645,-2.61482748786,-3.64483051557,-0.696027635704,-2.34930647814,-1.1793104029,-0.636235604955
1.3544639215,-0.318359857035,-5.85183593845,2.77902130363,-1.23193586864,1.55586305867,-3.72374955887,-3.05299569481,-1.26362851099,-2.83325070284,-1.8104503982,0.543068795932,-6.8845556095,-2.29491307573,-0.499974723305,1.59389581919,2.4551165016,-1.52478171762,-1.83053261517,0.393485137209
2.76263881852,3.49674488129,-5.48662785115,0.144693886125,-1.19579170207,1.23758425991,-3.99434594997,2.27402962391,-3.42429568804,-0.636655728412,0.589132617117,-1.12744795771,0.423089634787,0.806473899487,1.10588338376,-5.79758072975,-0.630865686677,-1.70548521565,0.183053993066,1.50676709759
-1.24385396511,-3.28213154071,-1.35026676843,-3.09487707819,-4.33231839575,-0.829216571728,-0.446055266773,-0.357153834192,0.611886938208,-3.07496201178,0.592452765792,0.113835423967,0.167858827489,3.77212838709,-0.794092662548,1.07080664065,0.763730351134,1.76418838099,-1.94151063089,-4.15912170222
-4.51786376569,3.5969942418,3.97432401332,-2.92356352625,-2.7640892258,0.477780310468,1.2262645619,0.584233778321,-2.16510467379,1.96468368495,0.57157196477,0.946621914576,-3.78430238143,1.94342512972,-1.66646321469,1.14948227086,-5.08869965756,1.77469260208,2.58128481241,-0.637768872824
2.77762633821,-1.1203822131,0.281743023611,-0.824524571826,2.40642131252,-2.72250515039,1.85228863011,3.519880571,1.95148801292,2.25451613898,2.68971102228,0.667768410929,-4.29275132713,1.37225039516,-0.791036468793,0.695861502266,1.15338148385,-2.30348631371,1.09874483764,0.07934925629
