1.65710261732,-0.170169213885,-1.57356220436,-3.44457641165,2.91860258417,3.40720848943,2.43635874466,2.60413052177,-3.42039653064,-2.71982280459,-0.54063299394,-0.253946436789,1.12217687408,3.2364128899,3.19422399334,-0.375671411428,0.0107859300486,-3.81936194544,1.02095533575,1.00866911548
1.07390738548,-0.265262667752,0.515807752784,0.63091208248,-6.07814610801,-4.46183302751,0.0248601618074,0.0961107920917,2.33659406295,-3.73388974946,2.73300648808,-0.236708972787,1.51427156139,0.0115189854204,1.70375772417,0.67231566378,-3.32268488712,0.666713502425,-0.263616891386,-3.13285658724
-0.777749623774,-0.978350129274,0.106275584188,-2.08350733136,-0.90979596453,-1.27804358349,-0.516476971249,-4.96057528154,0.458652157578,-3.73126653084,0.240260182662,-0.315946749742,-2.57648150979,2.32466713468,3.75338255577,1.33890955517,-0.648641741208,0.451722473042,-3.07201898621,0.26277431574
-0.438550783978,-4.03350492129,-4.65489575386,-0.860054651635,-1.76563928063,-0.158840184855,-0.355929811048,3.47081529191,0.288763040194,-5.86559436914,1.19159625513,-2.32502956461,4.95605141441,-0.6523159239,0.0933013658832,-0.61740669459,1.08533283805,-2.05974481395,1.57544836528,-2.97382484545
-0.748579787477,0.217993586776,-0.830638853637,1.49920008662,4.06414441496,0.540814231629,0.463046358174,2.30265261021,-0.0495350809915,-1.18974375343,5.73992688971,-2.45634803443,-0.572053415235,-2.22924800158,-1.79057759904,-2.26141228591,2.40916340274,0.737453392637,1.14541608392,1.99205802624
-0.308446346464,-4.27406824657,-0.417714326456,2.47849790263,0.185943380111,0.726413973796,-0.359586623713,4.3243766911,1.2659680191,-0.911234960551,-2.26584582142,-1.04040913366,2.27932321566,0.16682895878,-2.45191858733,-0.335716854361,0.581028472538,1.19770000002,-0.240641526149,0.443208881262
-0.96230992781,0.199919783036,0.372491481325,-1.14526925707,-4.33579994283,-0.430903352031,1.56020014859,4.88221193118,-4.56384686992,0.358839451441,0.976254788619,-3.19087042683,-0.632587390724,-0.66374671122,2.0572733273,-3.6261695107,1.39579895198,1.76214289538,-6.59080602747,1.59927121287
5.64516022964,-0.00594336746987,1.66485547818,-2.37205271773,-0.908730715808,2.12703459549,-2.35482059367,-1.35505536875,0.453239354459,-2.29779166061,-1.23156032743,-1.80434310574,-3.04130609764,2.41875407695,0.960102887072,1.55833910917,-0.782942164963,0.622620531827,0.604126145779,0.319093745034
2.33490057296,-2.06932921292,0.251623070944,1.95134574206,-1.56613375805,0.0381038622625,-0.89483817087,3.30677137846,0.29049782271,2.94308601445,0.0357908228895,-0.251331909489,-0.699943162733,0.968618273983,3.35413055492,0.386129767526,3.00760626033,2.93203729294,4.26067523763,2.28004689861
-2.70725613181,-1.26628852002,-5.62647446587,2.86297091005,-2.48887982405,-2.20298230592,-1.04574495693,-2.66469016304,-1.70173278293,-2.82393663425,-1.25866908849,-2.92152998139,1.53568564935,-1.82464084972,-0.114278686826,4.60315781833,3.09322472649,4.49239402672,-0.789169628579,-1.21547453563
2.10858325875,-1.76594018513,-0.417768971541,-0.707320502222,0.885704995179,-1.7202589268,-1.13727607361,-0.594010702156,0.966209379645,-0.527161352493,0.654016743204,-0.441032064474,-0.870883736518,-0.6006215529,-0.125654413964,3.14420147107,-6.74571396052,-1.67943681,-1.63323038868,0.918978339546
-0.440661593567,-1.77166657667,0.201597508211,3.15211866258,-4.28435206141,-0.971320989682,-0.603708374323,3.34374122599,-0.278750719269,3.64903709105,-0.859730070064,2.24437655765,0.80716322811,-6.62914977345,2.50840089248,-5.86151630698,0.324606202562,-1.264565471,-1.20993627687,-0.959340635063
-3.91003442604,-1.66236723962,2.4677603813,2.63443284995,1.65609577878,-4.26212922585,7.27332157128,-4.66755080644,0.0621536912937,-3.88260359967,-2.88891944168,1.82812150672,-0.496936175895,0.515623314076,0.035192824349,0.77840254534,-2.12341368063,1.45845003053,0.331768838555,-2.07163507461
0.112113191032,3.00265611851,0.52478491437,7.16244179053,-0.152179980495,-0.789596445669,-3.72225308575,0.207578720628,0.659100228004,-1.82392591224,-0.369262493295,1.62050594628,-1.23560608907,1.13026682805,7.19812587421,3.34341117472,0.537051273701,1.9667272424,-2.99994165302,3.07513250417
-0.956811985266,-2.98976243116,0.823035327586,-1.90205407029,2.45039180428,-0.713915566968,-0.322907149394,1.32008806418,1.01540019453,-2.37793761299,0.860381036352,1.51347883506,-0.116586730132,-0.440005983857,2.77304951754,-0.155686933894,-1.10370231634,-0.398111729146,-0.113498506143,0.883104883932
-0.29588040168,0.935082136448,-3.02513469821,0.495146895045,-1.09624928536,0.168607968289,-0.269932861644,-3.27001516505,-2.21344181662,-2.05720957631,1.53094557916,-3.12140502891,-3.67320653654,-0.989425720297,-1.8965572687,1.26318946336,0.0496007923905,0.761308040696,0.363673567291,1.76998069022
-0.0424093246261,2.09476564312,3.30482901466,-1.83807752847,-2.44096747167,-0.809573735603,-2.27854984819,-0.0449688376943,2.05538856645,-0.871409392961,3.80926307709,1.12481857065,-0.197006287267,0.0454470768938,3.34982282985,-0.943853449952,-2.36259844598,-2.77965081508,0.796726048336,-0.350573203607
-0.675952562575,0.286793635822,-2.23290592588,0.112246695937,2.18651926261,-1.06220732205,-3.35685883856,1.10859020646,0.520688251137,1.01585890277,0.695856288,0.501168250635,2.64900516707,-0.984993158463,-1.02676137784,-0.671663762083,-1.77451801814,-3.9852384186,-1.60276817211,0.453548786055
2.20875758927,1.2874760855,0.506180070962,-0.956174516223,-0.260961691344,-1.37564457811,1.65005634901,-0.513617264505,0.137074657588,-5.00315202287,-3.80642722099,0.583912096634,5.55497706376,3.24454724792,-1.62902777487,2.20610134853,0.483067868901,-2.4693985761,-3.55163044943,-0.614219587799
0.801379170818,0.0719760037559,0.365248550731,-0.235558299223,5.4409228406,1.88963847465,-0.796563950952,2.4856956693,-0.0132086578661,-1.63823343818,-2.43172251422,2.9293169186,3.62231553538,0.774789668385,-0.838854909636,-3.61813269149,-2.35059813757,-1.24646717557,3.02010598076,-0.966522796435
0.471271404805,-0.882907651322,-4.46907738552,1.71904064343,-2.0666872091,-4.28313185732,-2.49631426272,-1.75128448096,-1.56450432695,1.4746776071,0.00638217208949,-2.4434491974,0.768497804175,-3.08896086054,-3.94668314137,-0.0846596076901,0.746825774537,0.168903877555,1.43996966903,-0.755527427139
-0.434242169541,0.988861525557,2.7444263211,1.69135104033,1.33757989303,0.314767183579,-1.07050586698,0.330281342534,3.11190470546,0.0870693943974,0.525739402449,-0.797779528819,0.663229449416,0.212599323995,0.596073045645,0.986969217902,-3.8985214393,-4.40799786082,4.81349445118,1.65657458973
1.09772860207,-2.17144057147,6.05088136848,0.18184238694,0.305186824053,1.23056400408,1.00658504599,-2.05279417308,-2.44096993819,0.0983791200544,3.63794419124,-0.872692834825,-2.46370001471,0.626812904298,2.43026080055,-0.190727435002,-1.26133623586,1.07567615577,2.3473270085,-0.172164980452
-0.651077915934,-2.23064583013,-2.53963781998,-0.368778934647,-3.69635937417,-0.11645403398,-0.833160964407,-0.525045130313,3.79500216827,0.830034353625,-0.0546772687662,-4.499807686,0.210602187706,0.517560189729,-2.12109869717,1.52465522739,-0.399686900164,-2.9133131549,-0.0905012804761,-3.08402281836
1.66420755525,1.25160922279,-1.42578575536,-2.45276745275,4.51054106539,-2.62893673728,0.686213871346,-1.43543873564,-0.396599334318,0.178642160225,0.141316974763,2.35104089681,-0.470105626857,-0.363389294966,-0.00693016728674,-1.60031458328,0.631966356108,0.956588192553,4.51502034117,-4.67623098253
0.390249875031,-2.09057618158,0.568672257516,2.53715656614,0.587260145421,0.479054753522,-0.747306652355,1.16022599076,0.235125157009,5.14855844337,-0.878667571392,0.290974460393,1.04709767595,-7.27775287132,-2.81599663561,-2.3379762083,1.12536769669,-2.70705682324,1.49778896862,0.924575949196
-1.21293130239,0.771561658305,-0.171736773297,-3.39698145078,-1.48959884342,-6.8219200122,-0.00453600736262,-2.07686701494,0.729737077979,1.0127762252,-0.346855190852,0.699041758411,-0.778983959947,3.54380810854,-0.994022405626,1.25759497416,0.230421381457,1.57048416878,-1.19665863785,1.93992520636
1.90884387477,0.759843525276,-0.381696111192,-0.609232762192,-3.28198866086,0.278483103698,-0.528864177683,0.777998520737,-3.99375116161,0.992831422727,0.0960556113161,0.987728680192,-0.486329789793,0.585424862786,-0.610276675453,-1.08047161106,-1.10323333204,-0.70527018047,-6.94388330498,-1.73979568889
-0.772522393386,-1.31586464584,0.422528370892,1.33908774685,-1.78953847678,-0.854342558224,0.143723978221,-1.55602103513,1.30409118509,-3.76516964898,3.82404922679,1.60339098237,1.23867918785,2.99363160933,-2.90316511654,-1.41539110259,-0.127094667196,2.99462859892,-2.60238220211,-3.19019212092
-1.12726152862,1.95824065907,-0.120116417431,1.18159179117,-1.68469329562,-0.279955951698,-5.31955764325,-2.05818372013,-3.80789128124,-2.75540807943,-0.220883459624,-4.67958774004,2.17210487717,1.12151420489,3.276798412,-0.834659460323,-1.0923448478,-0.582478011898,4.29161086375,-1.63687811451
