2.77577112538,-1.19483588241,-0.616287012281,1.2459541775,3.814914498,3.52314094458,0.772125097616,0.759330764205,-0.392728590861,3.1514937947,6.34663028873,-2.00042016433,-1.17657261088,-1.60582318676,2.34220645086,-0.360616847985,1.45196707388,-0.439730454882,1.27099538821,-1.46496583633
-0.512673531523,-0.809100694584,0.0224144968601,-0.909941489429,-1.89408738255,-0.167001628388,3.53440019201,-0.865345086303,0.708545410001,1.73591630767,1.75010006577,-0.908840084172,-0.0409058277619,0.364889053088,-1.27650748799,-0.287616649524,1.90461457766,4.39720170463,-0.473930047032,-0.100805495792
0.89800865322,-0.0569370683305,-3.76417035259,0.411762425922,1.13344062331,-0.989782417958,1.49935132652,0.197340583732,-1.13765593095,2.29963327202,0.535501837093,-3.39862159598,-1.2109326042,-0.0115391441478,-0.442645152186,-4.83354846493,2.37253092007,2.27468087426,0.428057539459,1.05853478227
0.656190390491,1.55880372364,3.7689157664,2.97776577686,-0.572363034378,-1.40179353076,-1.60501773222,0.654753971671,2.5892435212,0.0918512273201,-0.213459910916,0.459242224663,-1.10338931936,-0.520484962826,3.96564431379,2.80536712754,1.69598979884,1.89185407311,-1.62299613007,1.74224694064
5.59011836676,0.840303490368,1.50483346562,-1.14793321448,0.187119321209,1.26561243953,6.46838900035,-0.993414792535,-2.83099874541,-1.08693705266,1.16961323322,-0.614469005347,1.13304739051,0.585657309501,-1.68649213876,-0.25385050786,0.0796068259046,-0.518329721603,-0.575042705514,9.00168021983
0.615432852288,-0.329158169556,2.12215495695,-2.04853841172,1.9248727832,-2.07498984518,2.96073974519,-2.50818997775,-0.0488974505437,1.98169208261,-4.70877913225,4.81395153456,-0.641974508234,-4.20755198705,-1.05628155237,2.01181338841,-2.28764264582,-3.63777123447,-0.399402312009,0.0553321516337
0.609207178455,0.833668694932,-3.70213612824,0.830081612622,1.72008056274,1.07694190403,0.661608055284,0.678853625222,0.712883629305,-0.508294367665,0.897361420595,4.15583828675,-1.10571703149,0.723024808294,0.773231644396,-0.107846714392,-0.754423279815,2.37197651517,-1.84867973557,2.40127306695
0.789348301531,1.68084185013,-2.3730155116,0.861449941474,-1.40595681404,0.19181092997,0.0633575308627,4.37465107422,-1.16919066583,0.74455848739,1.05817252094,-2.08151852342,-1.36042008368,-0.146644040923,4.36216062482,2.64041738748,1.96893673276,0.595911183504,1.62826526369,-2.05747955002
-4.91560915866,0.0179750997993,0.735664382372,1.02862631436,-1.26069187591,-0.194224797401,-2.72076491671,2.23868633485,3.17456294786,-2.29202134561,0.722531899365,1.50065384218,-3.80424102248,-0.332034282696,1.64433969546,1.01672675885,2.86361924255,6.45981001478,3.66771847874,-0.817791066763
2.58996585102,0.92597531708,-0.26262094291,-1.2124586405,-0.181244861596,0.172521043868,2.6313641853,-0.128511587308,2.01559455035,-9.81690638431,0.336948075742,-0.870310759363,0.748698124677,-0.17630623086,-0.0302142159402,1.37608279904,-2.74324890812,0.0371180993984,0.997769422528,0.893457843343
-0.175971854923,3.85931778232,1.34108678977,0.234224325832,0.423113343076,-1.6653437394,-2.32041473552,-1.33246772962,-4.27729809124,-1.52490441226,-1.31008650893,-0.407917277237,1.30592723018,-2.53712427536,0.51751616698,1.02985920416,1.32121226353,1.26754171235,0.216231249443,-1.92385975216
-2.66053046642,0.0481284709564,0.277362224032,-0.0377533615069,-0.963044769247,0.367477734006,-0.91773031352,-1.50171991695,-0.175895100923,0.7852587101,1.45325554544,0.191713552374,0.885233675097,-1.87850395014,0.197046889962,-0.602393161144,-1.72014892259,-1.1929723039,2.71397333742,-0.89335731519
1.60396861891,-2.35208674962,0.961294892735,-1.42758081129,-0.82487344861,0.150527494261,0.818564540059,2.77100988731,1.78474150661,-1.92281032774,-3.05431943215,-0.443031313165,0.339240283172,-0.0195969469844,1.30868715282,0.230929958691,-1.34692265431,5.82943621447,-0.383336115961,-2.77769532998
0.345851553957,1.18064329911,0.656295077168,-0.672210711322,-2.69217570812,-0.629948059002,-3.76730128959,-0.812957049014,-1.56727998872,-2.02800019428,0.793849697681,-0.00459508028937,1.08047501392,7.41650539425,-2.59364866852,-1.53279059883,1.04695580892,2.46127474275,-1.86448116644,-3.90045875815
2.07526633593,-2.11005696781,0.893035432608,3.21361687687,2.44828466154,-1.13210864784,-0.661947091975,1.49885430031,0.225522321512,1.95904918164,-1.52886251846,-2.4385895761,-0.272506844508,2.8669474216,3.04492467066,1.01832868974,-0.093739492282,3.03995538552,0.528616513044,-1.1573378088
0.394087247939,-0.470561531818,0.454297565029,3.32669571133,1.0918017808,-1.32428441009,-4.12064797816,-0.83989429638,-0.416997320758,-2.85309587705,6.6030005817,-0.575330536883,-1.63957705521,-5.68842017257,-0.681391739896,0.961969097771,-1.00663215783,-2.91332766326,1.56408331702,-3.0872957853
2.46052955189,0.232447260832,-0.381702416216,3.94006775005,1.01082687928,-0.396343118298,1.23019151948,1.98513263039,-1.20656869472,0.29290524323,1.25024561516,-3.43787125761,-0.910120131093,-0.712100773235,-1.62590743135,3.19487643345,1.13304425109,1.2809363714,2.08175709931,5.01814597903
-2.32515848324,0.324368933915,0.52987078565,-2.24097056017,2.70164021004,-0.547034844326,1.6548462411,1.08132193543,-4.02082417953,-2.40618465899,3.11001719581,-2.59345434002,-2.10695544826,-0.364205356718,0.210248350538,-0.637243806823,-0.533853113945,3.11812517232,-1.81788519922,-3.36616934316
-0.604162917015,2.08102091005,1.51232396641,-2.63101465661,-2.00014749343,-0.840724847166,-1.59701262174,-0.791413722758,-0.0700674863148,-0.759673623819,0.203172768147,1.14218731989,3.03290523339,-2.44910655051,3.8651627319,1.66518865217,0.225271881754,3.78404589661,0.346137867307,-1.25255317426
0.71100096477,-1.97367657792,-2.73400009927,-0.848631800991,-0.530789268927,1.53467315713,-0.500785923672,0.219979593352,1.37716336453,0.315652844498,0.428972543949,2.2468343894,2.33406488326,3.47799925276,5.85921282686,0.0150134232322,0.920162414506,0.171867451237,-0.951601923829,2.68294508242
0.978101297088,-0.0512817477271,-0.0657266966156,2.8264228041,-1.11457875815,-2.27515425814,-6.64384783335,-0.541677727324,0.512617177136,2.75612277339,0.249275101687,-0.698652810885,-0.214598878399,-1.07351448765,-0.561870560867,-1.06490315179,-0.387200699321,2.11610383254,1.02966797458,-0.901107153791
0.360761320519,0.756418806366,-0.611349148289,-0.775430303452,-1.7164065677,0.87991370874,2.85475592754,2.02606607208,0.663157097896,-3.62583427917,-2.38192428105,1.46986132276,2.19989315054,0.484759908353,-1.81586489171,-2.96846751488,3.24343933114,-2.7878533934,-2.81725810715,-0.309304087333
-2.21713675446,0.0783108755567,2.89520267061,-0.963776814558,0.420428089732,2.66592795225,4.38339049165,-1.95470083682,2.66459899785,0.704867715987,-6.73086849139,-2.09255583289,1.59086307172,-0.575898346303,-1.39090673718,3.97575168856,1.31009503663,-1.01956251846,0.964193177671,-0.256582794933
0.547131690754,0.634237457402,4.5884716029,0.211253597279,-1.94825534564,-1.48232067797,2.88723587124,1.59608879197,-0.346167581151,-0.48014244396,-0.934626399002,-0.468044288971,2.00073561039,-1.6967763167,1.2605740446,1.87072951324,-4.13688818121,-4.62443785031,0.922779938706,-1.24673268557
-2.25593651453,1.55803494842,1.93510869732,-1.83862005798,-4.75113587561,0.235791547839,-1.92809858831,-0.958516946315,-2.78448399219,-6.11882691046,-2.43676142741,-3.71917987659,1.20276372871,0.365339328871,1.04330748461,0.948457312896,-0.734406226369,-1.77758306993,-0.957156031704,0.420607116965
3.60483395959,1.41736668732,-3.99311112983,-1.44743413103,0.517634153125,-4.63366319794,0.64598424795,-0.580993379941,0.459321343619,-0.479572337069,3.97449499407,-2.40414362569,-0.456587565665,-0.365053222456,1.86928642887,0.83648672686,-0.913954325059,-0.367120338601,-0.510774239366,-2.94029372857
-3.43970406818,2.02153205827,1.24473657633,2.97974798363,3.16814693241,1.15047627724,-1.39203857377,2.31078897026,-2.95838485301,-3.39610564987,-2.04400651256,0.274503388203,-4.509497403,0.969642840847,-0.230373287856,-0.938124372012,-0.0743423843082,-0.655133798187,-1.39892252889,-0.288531003463
-2.21484583367,1.82463478613,0.902875123492,2.11697220335,-0.359942130556,2.21159884199,-0.906451372635,-1.12067335063,-3.9857166935,3.9032470378,2.95684149814,-0.630121798326,0.363647904354,-2.26374587148,0.314508349565,-0.210448358653,-0.674933393484,-0.329899726668,-1.36718286742,1.94823752322
2.64388085532,0.410144480355,-1.52524411332,4.57791291191,-2.24847620455,0.601052998404,-1.11354225893,1.77726332421,-1.75120939718,-0.582319850315,-2.9317509622,-0.558880872791,-4.6012580248,0.360133218325,1.37711359808,-0.514098933331,0.564162675334,-1.02587914796,-0.0523245948461,-2.90685332997
1.34675024665,2.79239770498,0.812143385229,0.757443870164,-0.790924430214,1.39901913509,9.13780293575,-3.91198382196,-5.28704109501,0.323047646712,0.451702986635,0.868636827161,-1.01901918458,0.155503551482,-2.74743302267,-0.06643663935,-0.158336035904,0.216160906735,0.840660034341,2.01815327112
